# oST version 5.0 parameters


[image]

width
1920

height
1080

[narrow_stereo]

camera matrix
2733.727422 0.000000 995.635599
0.000000 2653.464732 563.684444
0.000000 0.000000 1.000000

distortion
-1.244250 1.763492 0.081195 -0.018647 0.000000

rectification
1.000000 0.000000 0.000000
0.000000 1.000000 0.000000
0.000000 0.000000 1.000000

projection
2324.822998 0.000000 970.909147 0.000000
0.000000 2470.962891 600.774188 0.000000
0.000000 0.000000 1.000000 0.000000
