image_width: 1920
image_height: 1080
camera_name: narrow_stereo
camera_matrix:
  rows: 3
  cols: 3
  data: [2643.75224,    0.     ,  966.71593,
            0.     , 2589.38817,  549.37804,
            0.     ,    0.     ,    1.     ]
distortion_model: plumb_bob
distortion_coefficients:
  rows: 1
  cols: 5
  data: [-1.131540, 1.561072, 0.021116, -0.088527, 0.000000]
rectification_matrix:
  rows: 3
  cols: 3
  data: [1., 0., 0.,
         0., 1., 0.,
         0., 0., 1.]
projection_matrix:
  rows: 3
  cols: 4
  data: [2090.08032,    0.     ,  786.2517 ,    0.     ,
            0.     , 2477.17749,  559.47548,    0.     ,
            0.     ,    0.     ,    1.     ,    0.     ]
