# oST version 5.0 parameters


[image]

width
1920

height
1080

[narrow_stereo]

camera matrix
1258.513767 0.000000 949.143263
0.000000 1260.515476 587.553871
0.000000 0.000000 1.000000

distortion
-0.350545 0.098685 -0.004605 -0.001945 0.000000

rectification
1.000000 0.000000 0.000000
0.000000 1.000000 0.000000
0.000000 0.000000 1.000000

projection
931.475708 0.000000 929.377985 0.000000
0.000000 1171.701782 591.008561 0.000000
0.000000 0.000000 1.000000 0.000000

