# oST version 5.0 parameters


[image]

width
1920

height
1080

[narrow_stereo]

camera matrix
2643.752237 0.000000 966.715934
0.000000 2589.388168 549.378039
0.000000 0.000000 1.000000

distortion
-1.131540 1.561072 0.021116 -0.088527 0.000000

rectification
1.000000 0.000000 0.000000
0.000000 1.000000 0.000000
0.000000 0.000000 1.000000

projection
2090.080322 0.000000 786.251696 0.000000
0.000000 2477.177490 559.475485 0.000000
0.000000 0.000000 1.000000 0.000000
