# oST version 5.0 parameters


[image]

width
1920

height
1080

[narrow_stereo]

camera matrix
1339.247781 0.000000 951.339412
0.000000 1330.121866 542.606156
0.000000 0.000000 1.000000

distortion
-0.395937 0.121973 -0.001449 -0.000543 0.000000

rectification
1.000000 0.000000 0.000000
0.000000 1.000000 0.000000
0.000000 0.000000 1.000000

projection
985.239014 0.000000 941.633015 0.000000
0.000000 1235.409058 541.753438 0.000000
0.000000 0.000000 1.000000 0.000000

