# oST version 5.0 parameters


[image]

width
1920

height
1080

[narrow_stereo]

camera matrix
1847.804235 0.000000 990.268943
0.000000 1816.947781 506.716429
0.000000 0.000000 1.000000

distortion
-0.858817 0.603838 0.033934 -0.016061 0.000000

rectification
1.000000 0.000000 0.000000
0.000000 1.000000 0.000000
0.000000 0.000000 1.000000

projection
1333.896240 0.000000 938.301197 0.000000
0.000000 1669.725464 523.258123 0.000000
0.000000 0.000000 1.000000 0.000000
