image_width: 1920
image_height: 1080
camera_name: narrow_stereo
camera_matrix:
  rows: 3
  cols: 3
  data: [1339.247781, 0.000000, 951.339412, 0.000000, 1330.121866, 542.606156, 0.000000, 0.000000, 1.000000]
distortion_model: plumb_bob
distortion_coefficients:
  rows: 1
  cols: 5
  data: [-0.395937, 0.121973, -0.001449, -0.000543, 0.000000]
rectification_matrix:
  rows: 3
  cols: 3
  data: [1.000000, 0.000000, 0.000000, 0.000000, 1.000000, 0.000000, 0.000000, 0.000000, 1.000000]
projection_matrix:
  rows: 3
  cols: 4
  data: [985.239014, 0.000000, 941.633015, 0.000000, 0.000000, 1235.409058, 541.753438, 0.000000, 0.000000, 0.000000, 1.000000, 0.000000]
